# name: debug
# type: sparse matrix
# nnz: 81
# rows: 9
# columns: 9

1 1 1030
2 1 -2.19568364e-06
3 1 9.8999564
4 1 -10.0000005
5 1 1.09784182e-06
6 1 0
7 1 -10.0000004
8 1 2.20799653e-06
9 1 0
1 2 -2.19568364e-06
2 2 1030
3 2 19.8726032
4 2 -1.11015483e-06
5 2 -10.0000016
6 2 0
7 2 1.11015483e-06
8 2 -10.0000016
9 2 0
1 3 9.8999564
2 3 19.8726032
3 3 9.86960439e+19
4 3 -9.93293815
5 3 -9.83261176
6 3 -10.0000017
7 3 0.0329784584
8 3 -10.0399914
9 3 -9.86960439e+19
1 4 -10.0000005
2 4 -1.11015483e-06
3 4 -9.93293815
4 4 1030
5 4 2.22012576e-06
6 4 -9.96591052
7 4 -10.0000007
8 4 -1.157291e-06
9 4 0
1 5 1.09784182e-06
2 5 -10.0000016
3 5 -9.83261176
4 5 2.22012576e-06
5 5 1030
6 5 0.207381956
7 5 2.77555756e-17
8 5 -10.0000029
9 5 0
1 6 0
2 6 0
3 6 -10.0000017
4 6 -9.96591052
5 6 0.207381956
6 6 1039.93624
7 6 9.96591052
8 6 -0.207381955
9 6 -10.0000017
1 7 -10.0000004
2 7 1.11015483e-06
3 7 0.0329784584
4 7 -10.0000007
5 7 2.77555756e-17
6 7 9.96591052
7 7 1030
8 7 -2.17298984e-06
9 7 0
1 8 2.20799653e-06
2 8 -10.0000016
3 8 -10.0399914
4 8 -1.157291e-06
5 8 -10.0000029
6 8 -0.207381955
7 8 -2.17298984e-06
8 8 1030.00001
9 8 0
1 9 0
2 9 0
3 9 -9.86960439e+19
4 9 0
5 9 0
6 9 -10.0000017
7 9 0
8 9 0
9 9 9.86960439e+19
